   1.0000000000000000E-004   88.825782100386434     


   6.0000000000000006E-004   88.825782100395372     


   1.1000000000000001E-003   88.825782100383591     


   1.6000000000000001E-003   88.825782100386334     


   2.1000000000000003E-003   88.825782100383819     


   2.6000000000000003E-003   88.825782100388238     


   3.1000000000000003E-003   88.825782100390214     


   3.6000000000000003E-003   88.825782100380650     


   4.1000000000000003E-003   88.825782100388523     


   4.5999999999999999E-003   88.825782100392829     


   5.1000000000000004E-003   88.825782100388565     


   5.5999999999999999E-003   88.825782100388381     


   6.1000000000000004E-003   88.825782100384259     


   6.6000000000000000E-003   88.825782100391663     


   7.1000000000000004E-003   88.825782100385680     


   7.6000000000000000E-003   88.825782100380565     


   8.0999999999999996E-003   88.825782100391010     


   8.6000000000000000E-003   88.825782100388224     


   9.1000000000000004E-003   88.825782100389176     


   9.6000000000000009E-003   88.825782100393198     


   1.0100000000000001E-002   88.825782100385865     


   1.0600000000000000E-002   88.825782100385752     


   1.1100000000000000E-002   88.825782100392033     


   1.1600000000000001E-002   88.825782100396012     


   1.2100000000000001E-002   88.825782100392090     


   1.2600000000000000E-002   88.825782100389262     


   1.3100000000000001E-002   88.825782100388835     


   1.3600000000000001E-002   88.825782100393113     


   1.4100000000000001E-002   88.825782100379399     


   1.4600000000000000E-002   88.825782100394449     


   1.5100000000000001E-002   88.825782100387968     


   1.5600000000000001E-002   88.825782100389944     


   1.6100000000000000E-002   88.825782100391010     


   1.6600000000000000E-002   88.825782100393127     


   1.7100000000000001E-002   88.825782100398285     


   1.7600000000000001E-002   88.825782100390811     


   1.8100000000000002E-002   88.825782100386462     


   1.8600000000000002E-002   88.825782100388622     


   1.9100000000000002E-002   88.825782100390953     


   1.9599999999999999E-002   88.825782100394079     


   2.0100000000000000E-002   88.825782100389688     


   2.0600000000000000E-002   88.825782100393326     


   2.1100000000000001E-002   88.825782100398442     


   2.1600000000000001E-002   88.825782100392288     


   2.2100000000000002E-002   88.825782100398328     


   2.2600000000000002E-002   88.825782100386789     


   2.3100000000000002E-002   88.825782100393866     


   2.3599999999999999E-002   88.825782100392630     


   2.4100000000000000E-002   88.825782100394463     


   2.4600000000000000E-002   88.825782100389148     


   2.5100000000000001E-002   88.825782100399806     


   2.5600000000000001E-002   88.825782100394605     


   2.6100000000000002E-002   88.825782100392161     


   2.6600000000000002E-002   88.825782100393610     


   2.7100000000000003E-002   88.825782100394932     


   2.7600000000000003E-002   88.825782100397049     


   2.8100000000000000E-002   88.825782100392615     


   2.8600000000000000E-002   88.825782100398357     


   2.9100000000000001E-002   88.825782100392942     


   2.9600000000000001E-002   88.825782100389048     


   3.0100000000000002E-002   88.825782100391876     


   3.0600000000000002E-002   88.825782100391805     


   3.1100000000000003E-002   88.825782100395713     


   3.1600000000000003E-002   88.825782100395628     


   3.2100000000000004E-002   88.825782100394335     


   3.2600000000000004E-002   88.825782100392161     


   3.3100000000000004E-002   88.825782100392800     


   3.3600000000000005E-002   88.825782100393624     


   3.4099999999999998E-002   88.825782100398371     


   3.4599999999999999E-002   88.825782100395244     


   3.5099999999999999E-002   88.825782100397518     


   3.5600000000000000E-002   88.825782100402549     


   3.6100000000000000E-002   88.825782100397106     


   3.6600000000000001E-002   88.825782100401582     


   3.7100000000000001E-002   88.825782100404382     


   3.7600000000000001E-002   88.825782100395955     


   3.8100000000000002E-002   88.825782100398499     


   3.8600000000000002E-002   88.825782100400986     


   3.9100000000000003E-002   88.825782100397049     


   3.9600000000000003E-002   88.825782100394960     


   4.0100000000000004E-002   88.825782100399962     


   4.0600000000000004E-002   88.825782100397319     


   4.1100000000000005E-002   88.825782100391180     


   4.1600000000000005E-002   88.825782100398996     


   4.2100000000000005E-002   88.825782100403273     


   4.2599999999999999E-002   88.825782100398285     


   4.3099999999999999E-002   88.825782100396992     


   4.3600000000000000E-002   88.825782100397575     


   4.4100000000000000E-002   88.825782100398257     


   4.4600000000000001E-002   88.825782100401781     


   4.5100000000000001E-002   88.825782100394520     


   4.5600000000000002E-002   88.825782100403515     


   4.6100000000000002E-002   88.825782100398087     


   4.6600000000000003E-002   88.825782100399621     


   4.7100000000000003E-002   88.825782100399437     


   4.7600000000000003E-002   88.825782100399977     


   4.8100000000000004E-002   88.825782100405149     


   4.8600000000000004E-002   88.825782100393482     


   4.9100000000000005E-002   88.825782100401966     


   4.9600000000000005E-002   88.825782100395386     


   5.0100000000000006E-002   88.825782100396722     


   5.0599999999999999E-002   88.825782100398982     


   5.1100000000000000E-002   88.825782100404652     


   5.1600000000000000E-002   88.825782100404425     


   5.2100000000000000E-002   88.825782100405604     


   5.2600000000000001E-002   88.825782100403231     


   5.3100000000000001E-002   88.825782100394349     


   5.3600000000000002E-002   88.825782100407011     


   5.4100000000000002E-002   88.825782100403444     


   5.4600000000000003E-002   88.825782100400062     


   5.5100000000000003E-002   88.825782100405675     


   5.5600000000000004E-002   88.825782100401923     


   5.6100000000000004E-002   88.825782100399906     


   5.6600000000000004E-002   88.825782100400076     


   5.7100000000000005E-002   88.825782100401838     


   5.7600000000000005E-002   88.825782100402606     


   5.8100000000000006E-002   88.825782100404410     


   5.8600000000000006E-002   88.825782100404851     


   5.9100000000000000E-002   88.825782100407466     


   5.9600000000000000E-002   88.825782100404567     


   6.0100000000000001E-002   88.825782100404879     


   6.0600000000000001E-002   88.825782100400502     


   6.1100000000000002E-002   88.825782100405434     


   6.1600000000000002E-002   88.825782100403373     


   6.2100000000000002E-002   88.825782100402833     


   6.2600000000000003E-002   88.825782100409597     


   6.3100000000000003E-002   88.825782100404609     


   6.3600000000000004E-002   88.825782100402833     


   6.4100000000000004E-002   88.825782100406869     


   6.4600000000000005E-002   88.825782100408830     


   6.5100000000000005E-002   88.825782100412695     


   6.5600000000000006E-002   88.825782100403913     


   6.6100000000000006E-002   88.825782100407949     


   6.6600000000000006E-002   88.825782100402606     


   6.7100000000000007E-002   88.825782100404197     


   6.7600000000000007E-002   88.825782100398072     


   6.8100000000000008E-002   88.825782100405576     


   6.8600000000000008E-002   88.825782100412368     


   6.9100000000000009E-002   88.825782100414614     


   6.9600000000000009E-002   88.825782100408745     


   7.0100000000000010E-002   88.825782100406357     


   7.0600000000000010E-002   88.825782100406357     


   7.1099999999999997E-002   88.825782100408389     


   7.1599999999999997E-002   88.825782100406471     


   7.2099999999999997E-002   88.825782100405533     


   7.2599999999999998E-002   88.825782100403558     


   7.3099999999999998E-002   88.825782100406713     


   7.3599999999999999E-002   88.825782100399408     


   7.4099999999999999E-002   88.825782100403430     


   7.4600000000000000E-002   88.825782100406457     


   7.5100000000000000E-002   88.825782100405064     


   7.5600000000000001E-002   88.825782100410834     


   7.6100000000000001E-002   88.825782100412070     


   7.6600000000000001E-002   88.825782100408475     


   7.7100000000000002E-002   88.825782100406315     


   7.7600000000000002E-002   88.825782100411587     


   7.8100000000000003E-002   88.825782100407878     


   7.8600000000000003E-002   88.825782100409597     


   7.9100000000000004E-002   88.825782100406485     


   7.9600000000000004E-002   88.825782100407110     


   8.0100000000000005E-002   88.825782100411459     


   8.0600000000000005E-002   88.825782100408745     


   8.1100000000000005E-002   88.825782100415125     


   8.1600000000000006E-002   88.825782100406727     


   8.2100000000000006E-002   88.825782100411857     


   8.2600000000000007E-002   88.825782100408787     


   8.3100000000000007E-002   88.825782100413434     


   8.3600000000000008E-002   88.825782100410237     


   8.4100000000000008E-002   88.825782100407864     


   8.4600000000000009E-002   88.825782100405050     


   8.5100000000000009E-002   88.825782100406244     


   8.5600000000000009E-002   88.825782100415623     


   8.6100000000000010E-002   88.825782100407977     


   8.6600000000000010E-002   88.825782100411018     


   8.7100000000000011E-002   88.825782100417143     


   8.7599999999999997E-002   88.825782100402336     


   8.8099999999999998E-002   88.825782100418436     


   8.8599999999999998E-002   88.825782100407679     


   8.9099999999999999E-002   88.825782100407110     


   8.9599999999999999E-002   88.825782100417939     


   9.0100000000000000E-002   88.825782100411672     


   9.0600000000000000E-002   88.825782100405263     


   9.1100000000000000E-002   88.825782100414344     


   9.1600000000000001E-002   88.825782100415154     


   9.2100000000000001E-002   88.825782100409640     


   9.2600000000000002E-002   88.825782100409839     


   9.3100000000000002E-002   88.825782100406087     


   9.3600000000000003E-002   88.825782100411317     


   9.4100000000000003E-002   88.825782100418522     


   9.4600000000000004E-002   88.825782100408787     


   9.5100000000000004E-002   88.825782100418380     


   9.5600000000000004E-002   88.825782100411800     


   9.6100000000000005E-002   88.825782100418138     


   9.6600000000000005E-002   88.825782100409697     


   9.7100000000000006E-002   88.825782100414557     


   9.7600000000000006E-002   88.825782100415054     


   9.8100000000000007E-002   88.825782100419062     


   9.8600000000000007E-002   88.825782100414898     


   9.9100000000000008E-002   88.825782100415353     


   9.9600000000000008E-002   88.825782100416546     


  0.10010000000000001        88.825782100418891     


  0.10060000000000001        88.825782100412738     


  0.10110000000000001        88.825782100420398     


  0.10160000000000001        88.825782100410621     


  0.10210000000000001        88.825782100421463     


  0.10260000000000001        88.825782100417371     


  0.10310000000000001        88.825782100418493     


  0.10360000000000001        88.825782100412667     


  0.10410000000000000        88.825782100415523     


  0.10460000000000000        88.825782100412539     


  0.10510000000000000        88.825782100413733     


  0.10560000000000000        88.825782100418593     


  0.10610000000000000        88.825782100416347     


  0.10660000000000000        88.825782100411445     


  0.10710000000000000        88.825782100415381     


  0.10760000000000000        88.825782100417797     


  0.10810000000000000        88.825782100418678     


  0.10860000000000000        88.825782100419985     


  0.10910000000000000        88.825782100421236     


  0.10960000000000000        88.825782100415196     


  0.11010000000000000        88.825782100420739     


  0.11060000000000000        88.825782100420838     


  0.11110000000000000        88.825782100420383     


  0.11160000000000000        88.825782100420682     


  0.11210000000000001        88.825782100423226     


  0.11260000000000001        88.825782100415751     


  0.11310000000000001        88.825782100423922     


  0.11360000000000001        88.825782100417143     


  0.11410000000000001        88.825782100417342     


  0.11460000000000001        88.825782100422813     


  0.11510000000000001        88.825782100418792     


  0.11560000000000001        88.825782100420554     


  0.11610000000000001        88.825782100421094     


  0.11660000000000001        88.825782100422757     


  0.11710000000000001        88.825782100418621     


  0.11760000000000001        88.825782100415978     


  0.11810000000000001        88.825782100416262     


  0.11860000000000001        88.825782100419730     


  0.11910000000000001        88.825782100418849     


  0.11960000000000001        88.825782100415495     


  0.12010000000000001        88.825782100419417     


  0.12060000000000000        88.825782100419048     


  0.12110000000000000        88.825782100420213     


  0.12160000000000000        88.825782100426892     


  0.12210000000000000        88.825782100422543     


  0.12260000000000000        88.825782100415111     


  0.12310000000000000        88.825782100426153     


  0.12360000000000000        88.825782100427801     


  0.12410000000000000        88.825782100426267     


  0.12460000000000000        88.825782100422714     


  0.12510000000000002        88.825782100420227     


  0.12560000000000002        88.825782100416163     


  0.12610000000000002        88.825782100424334     


  0.12660000000000002        88.825782100418152     


  0.12710000000000002        88.825782100425201     


  0.12760000000000002        88.825782100424519     


  0.12810000000000002        88.825782100428412     


  0.12860000000000002        88.825782100420597     


  0.12909999999999999        88.825782100427105     


  0.12959999999999999        88.825782100417513     


  0.13009999999999999        88.825782100425329     


  0.13059999999999999        88.825782100423467     


  0.13109999999999999        88.825782100423396     


  0.13159999999999999        88.825782100417413     


  0.13210000000000000        88.825782100423680     


  0.13260000000000000        88.825782100423211     


  0.13310000000000000        88.825782100426750     


  0.13360000000000000        88.825782100425940     


  0.13410000000000000        88.825782100423694     


  0.13460000000000000        88.825782100424462     


  0.13510000000000000        88.825782100430175     


  0.13560000000000000        88.825782100427475     


  0.13610000000000000        88.825782100424675     


  0.13660000000000000        88.825782100426068     


  0.13710000000000000        88.825782100430104     


  0.13760000000000000        88.825782100427745     


  0.13810000000000000        88.825782100424831     


  0.13860000000000000        88.825782100427219     


  0.13910000000000000        88.825782100428299     


  0.13960000000000000        88.825782100427915     


  0.14010000000000000        88.825782100432392     


  0.14060000000000000        88.825782100426835     


  0.14110000000000000        88.825782100418962     


  0.14160000000000000        88.825782100433543     


  0.14210000000000000        88.825782100424078     


  0.14260000000000000        88.825782100428157     


  0.14310000000000000        88.825782100421932     


  0.14360000000000001        88.825782100430359     


  0.14410000000000001        88.825782100429592     


  0.14460000000000001        88.825782100434083     


  0.14510000000000001        88.825782100428071     


  0.14560000000000001        88.825782100430374     


  0.14610000000000001        88.825782100430644     


  0.14660000000000001        88.825782100426949     


  0.14710000000000001        88.825782100430146     


  0.14760000000000001        88.825782100426991     


  0.14810000000000001        88.825782100429294     


  0.14860000000000001        88.825782100430871     


  0.14910000000000001        88.825782100430303     


  0.14960000000000001        88.825782100426963     


  0.15010000000000001        88.825782100431113     


  0.15060000000000001        88.825782100427887     


  0.15110000000000001        88.825782100431866     


  0.15160000000000001        88.825782100426920     


  0.15210000000000001        88.825782100419644     


  0.15260000000000001        88.825782100434893     


  0.15310000000000001        88.825782100424291     


  0.15360000000000001        88.825782100428412     


  0.15410000000000001        88.825782100426792     


  0.15460000000000002        88.825782100432534     


  0.15510000000000002        88.825782100424064     


  0.15560000000000002        88.825782100433287     


  0.15610000000000002        88.825782100428668     


  0.15660000000000002        88.825782100439483     


  0.15710000000000002        88.825782100438545     


  0.15760000000000002        88.825782100429151     


  0.15810000000000002        88.825782100434367     


  0.15860000000000002        88.825782100433429     


  0.15910000000000002        88.825782100431709     


  0.15960000000000002        88.825782100422003     


  0.16010000000000002        88.825782100437493     


  0.16060000000000002        88.825782100438857     


  0.16110000000000002        88.825782100437578     


  0.16160000000000002        88.825782100432065     


  0.16209999999999999        88.825782100440804     


  0.16259999999999999        88.825782100440264     


  0.16309999999999999        88.825782100428128     


  0.16360000000000000        88.825782100434907     


  0.16410000000000000        88.825782100428839     


  0.16460000000000000        88.825782100431326     


  0.16510000000000000        88.825782100440321     


  0.16560000000000000        88.825782100434907     


  0.16610000000000000        88.825782100426395     


  0.16660000000000000        88.825782100435532     


  0.16710000000000000        88.825782100435674     


  0.16760000000000000        88.825782100431269     


  0.16810000000000000        88.825782100436399     


  0.16860000000000000        88.825782100432875     


  0.16910000000000000        88.825782100437323     


  0.16960000000000000        88.825782100433628     


  0.17010000000000000        88.825782100436967     


  0.17060000000000000        88.825782100434097     


  0.17110000000000000        88.825782100435774     


  0.17160000000000000        88.825782100432889     


  0.17210000000000000        88.825782100435816     


  0.17260000000000000        88.825782100438332     


  0.17310000000000000        88.825782100437777     


  0.17360000000000000        88.825782100439426     


  0.17410000000000000        88.825782100431468     


  0.17460000000000001        88.825782100443746     


  0.17510000000000001        88.825782100443050     


  0.17560000000000001        88.825782100439156     


  0.17610000000000001        88.825782100444627     


  0.17660000000000001        88.825782100440236     


  0.17710000000000001        88.825782100440819     


  0.17760000000000001        88.825782100432889     


  0.17810000000000001        88.825782100440932     


  0.17860000000000001        88.825782100433869     


  0.17910000000000001        88.825782100439000     


  0.17960000000000001        88.825782100438190     


  0.18010000000000001        88.825782100442495     


  0.18060000000000001        88.825782100437991     


  0.18110000000000001        88.825782100441089     


  0.18160000000000001        88.825782100434651     


  0.18210000000000001        88.825782100438133     


  0.18260000000000001        88.825782100438133     


  0.18310000000000001        88.825782100442041     


  0.18360000000000001        88.825782100437081     


  0.18410000000000001        88.825782100439838     


  0.18460000000000001        88.825782100439312     


  0.18510000000000001        88.825782100438389     


  0.18560000000000001        88.825782100437536     


  0.18610000000000002        88.825782100439966     


  0.18660000000000002        88.825782100438545     


  0.18710000000000002        88.825782100437934     


  0.18760000000000002        88.825782100440080     


  0.18810000000000002        88.825782100438573     


  0.18860000000000002        88.825782100445238     


  0.18910000000000002        88.825782100439611     


  0.18960000000000002        88.825782100431766     


  0.19010000000000002        88.825782100438488     


  0.19060000000000002        88.825782100441288     


  0.19110000000000002        88.825782100436868     


  0.19160000000000002        88.825782100439241     


  0.19210000000000002        88.825782100433401     


  0.19260000000000002        88.825782100445934     


  0.19310000000000002        88.825782100437706     


  0.19360000000000002        88.825782100440918     


  0.19410000000000002        88.825782100433983     


  0.19460000000000002        88.825782100438559     


  0.19510000000000000        88.825782100445622     


  0.19560000000000000        88.825782100439909     


  0.19610000000000000        88.825782100446247     


  0.19660000000000000        88.825782100445267     


  0.19710000000000000        88.825782100438403     


  0.19760000000000000        88.825782100439113     


  0.19810000000000000        88.825782100440620     


  0.19860000000000000        88.825782100447341     


  0.19910000000000000        88.825782100438204     


  0.19960000000000000        88.825782100444272     


