   1.0000000000000000E-004   2.8645534728977129E-014


   6.0000000000000006E-004   1.6785666910254517E-013


   1.1000000000000001E-003   3.0653825831838953E-013


   1.6000000000000001E-003   4.6239012879006895E-013


   2.1000000000000003E-003   6.2758137835822184E-013


   2.6000000000000003E-003   7.8188185006350384E-013


   3.1000000000000003E-003   9.3262416886452645E-013


   3.6000000000000003E-003   1.0646982167433760E-012


   4.1000000000000003E-003   1.1819616847763559E-012


   4.5999999999999999E-003   1.2863274473362552E-012


   5.1000000000000004E-003   1.3807030987272872E-012


   5.5999999999999999E-003   1.4614622689118616E-012


   6.1000000000000004E-003   1.5333133200623462E-012


   6.6000000000000000E-003   1.5980626509592977E-012


   7.1000000000000004E-003   1.6540621875643648E-012


   7.6000000000000000E-003   1.7010983073550979E-012


   8.0999999999999996E-003   1.7494477949631104E-012


   8.6000000000000000E-003   1.8014896449591866E-012


   9.1000000000000004E-003   1.8273166209337166E-012


   9.6000000000000009E-003   1.8467986896697487E-012


   1.0100000000000001E-002   1.8796289438099966E-012


   1.0600000000000000E-002   1.9024397925060389E-012


   1.1100000000000000E-002   1.9340765395475800E-012


   1.1600000000000001E-002   1.9662998954755872E-012


   1.2100000000000001E-002   1.9974082301338349E-012


   1.2600000000000000E-002   2.0212610248732111E-012


   1.3100000000000001E-002   2.0207784022507892E-012


   1.3600000000000001E-002   2.0110401191542059E-012


   1.4100000000000001E-002   1.9847725424987361E-012


   1.4600000000000000E-002   1.9667526947320104E-012


   1.5100000000000001E-002   1.9528832006371345E-012


   1.5600000000000001E-002   1.9455632166084925E-012


   1.6100000000000000E-002   1.9432420273607364E-012


   1.6600000000000000E-002   1.9595927649648792E-012


   1.7100000000000001E-002   1.9727498913948982E-012


   1.7600000000000001E-002   1.9732242200604360E-012


   1.8100000000000002E-002   1.9890725646426466E-012


   1.8600000000000002E-002   2.0021663671605796E-012


   1.9100000000000002E-002   2.0115228332832912E-012


   1.9599999999999999E-002   2.0198788206263195E-012


   2.0100000000000000E-002   2.0333344617415319E-012


   2.0600000000000000E-002   2.0535911955318896E-012


   2.1100000000000001E-002   2.0854703693118370E-012


   2.1600000000000001E-002   2.1194967309012823E-012


   2.2100000000000002E-002   2.1599180308889965E-012


   2.2600000000000002E-002   2.1998740589584952E-012


   2.3100000000000002E-002   2.2342834127969667E-012


   2.3599999999999999E-002   2.2560117437370185E-012


   2.4100000000000000E-002   2.2747080538620956E-012


   2.4600000000000000E-002   2.2971012505340617E-012


   2.5100000000000001E-002   2.3259061725233731E-012


   2.5600000000000001E-002   2.3362095175061273E-012


   2.6100000000000002E-002   2.3493592800349906E-012


   2.6600000000000002E-002   2.3485378902038390E-012


   2.7100000000000003E-002   2.3155641692279574E-012


   2.7600000000000003E-002   2.2457974559880745E-012


   2.8100000000000000E-002   2.1738928938225265E-012


   2.8600000000000000E-002   2.0961161365656845E-012


   2.9100000000000001E-002   2.0003479567209936E-012


   2.9600000000000001E-002   1.9078664516281043E-012


   3.0100000000000002E-002   1.8123148294579838E-012


   3.0600000000000002E-002   1.7149145870726245E-012


   3.1100000000000003E-002   1.6112652496957926E-012


   3.1600000000000003E-002   1.5076273840453070E-012


   3.2100000000000004E-002   1.3945936939985249E-012


   3.2600000000000004E-002   1.2655286488888474E-012


   3.3100000000000004E-002   1.1270737407600984E-012


   3.3600000000000005E-002   9.7333004243221897E-013


   3.4099999999999998E-002   8.1142662901323434E-013


   3.4599999999999999E-002   6.4690913259904395E-013


   3.5099999999999999E-002   4.8821456643047268E-013


   3.5600000000000000E-002   3.2563788362853508E-013


   3.6100000000000000E-002   1.6538574329483246E-013


   3.6600000000000001E-002   4.8584699631482045E-015


   3.7100000000000001E-002  -1.6919819278288230E-013


   3.7600000000000001E-002  -3.4423711797737510E-013


   3.8100000000000002E-002  -5.2241876363073873E-013


   3.8600000000000002E-002  -6.9401151665815510E-013


   3.9100000000000003E-002  -8.4687166480856835E-013


   3.9600000000000003E-002  -9.9869701224164507E-013


   4.0100000000000004E-002  -1.1403448255120629E-012


   4.0600000000000004E-002  -1.2995444668290058E-012


   4.1100000000000005E-002  -1.4440897783130070E-012


   4.1600000000000005E-002  -1.5877842478306814E-012


   4.2100000000000005E-002  -1.7352903645267981E-012


   4.2599999999999999E-002  -1.8736301173744029E-012


   4.3099999999999999E-002  -1.9920705831427687E-012


   4.3600000000000000E-002  -2.1048715600352487E-012


   4.4100000000000000E-002  -2.2080705736060579E-012


   4.4600000000000001E-002  -2.2715573484710650E-012


   4.5100000000000001E-002  -2.3289788309704961E-012


   4.5600000000000002E-002  -2.3753695833211853E-012


   4.6100000000000002E-002  -2.4266035101444540E-012


   4.6600000000000003E-002  -2.4759750534564252E-012


   4.7100000000000003E-002  -2.5232784854611889E-012


   4.7600000000000003E-002  -2.5922299255048965E-012


   4.8100000000000004E-002  -2.6625560974741225E-012


   4.8600000000000004E-002  -2.7357062379329557E-012


   4.9100000000000005E-002  -2.7880419622289265E-012


   4.9600000000000005E-002  -2.8439062476487419E-012


   5.0100000000000006E-002  -2.9068166354853653E-012


   5.0599999999999999E-002  -2.9823991436195296E-012


   5.1100000000000000E-002  -3.0630242994766912E-012


   5.1600000000000000E-002  -3.1407941490646518E-012


   5.2100000000000000E-002  -3.2328811684981250E-012


   5.2600000000000001E-002  -3.3135370298281732E-012


   5.3100000000000001E-002  -3.3829235244250274E-012


   5.3600000000000002E-002  -3.4716606286781803E-012


   5.4100000000000002E-002  -3.5576698388488372E-012


   5.4600000000000003E-002  -3.6480501744429186E-012


   5.5100000000000003E-002  -3.7243540300380129E-012


   5.5600000000000004E-002  -3.8254066884665925E-012


   5.6100000000000004E-002  -3.9284465264133321E-012


   5.6600000000000004E-002  -4.0359977599574440E-012


   5.7100000000000005E-002  -4.1340594367916821E-012


   5.7600000000000005E-002  -4.2244953767783807E-012


   5.8100000000000006E-002  -4.3165822895263609E-012


   5.8600000000000006E-002  -4.3885356095646475E-012


   5.9100000000000000E-002  -4.4485197053800715E-012


   5.9600000000000000E-002  -4.4804363413808444E-012


   6.0100000000000001E-002  -4.5368439005599723E-012


   6.0600000000000001E-002  -4.5844402024597390E-012


   6.1100000000000002E-002  -4.6390031850640498E-012


   6.1600000000000002E-002  -4.7085204936403443E-012


   6.2100000000000002E-002  -4.7653625021709671E-012


   6.2600000000000003E-002  -4.8080525741345253E-012


   6.3100000000000003E-002  -4.8205293194658607E-012


   6.3600000000000004E-002  -4.8267139556024135E-012


   6.4100000000000004E-002  -4.8285492687538676E-012


   6.4600000000000005E-002  -4.8169043320028802E-012


   6.5100000000000005E-002  -4.7923968231333711E-012


   6.5600000000000006E-002  -4.7520879783297112E-012


   6.6100000000000006E-002  -4.6859097158069574E-012


   6.6600000000000006E-002  -4.6081275774378926E-012


   6.7100000000000007E-002  -4.5233106409775517E-012


   6.7600000000000007E-002  -4.3970513063928965E-012


   6.8100000000000008E-002  -4.2687580805236825E-012


   6.8600000000000008E-002  -4.1375424050457690E-012


   6.9100000000000009E-002  -3.9902056173102274E-012


   6.9600000000000009E-002  -3.8426508403195668E-012


   7.0100000000000010E-002  -3.6842168825261537E-012


   7.0600000000000010E-002  -3.5316283196473730E-012


   7.1099999999999997E-002  -3.3746022396830349E-012


   7.1599999999999997E-002  -3.2135322441256832E-012


   7.2099999999999997E-002  -3.0463433576925770E-012


   7.2599999999999998E-002  -2.8745325833176570E-012


   7.3099999999999998E-002  -2.6837047306660368E-012


   7.3599999999999999E-002  -2.4700888678202970E-012


   7.4099999999999999E-002  -2.2868092541122876E-012


   7.4600000000000000E-002  -2.1109223657250764E-012


   7.5100000000000000E-002  -1.9655269183072032E-012


   7.5600000000000001E-002  -1.7987944189723494E-012


   7.6100000000000001E-002  -1.6464564052409703E-012


   7.6600000000000001E-002  -1.5023977027739389E-012


   7.7100000000000002E-002  -1.3552280218182000E-012


   7.7600000000000002E-002  -1.2041181055716388E-012


   7.8100000000000003E-002  -1.0433224058997714E-012


   7.8600000000000003E-002  -8.9765683948528358E-013


   7.9100000000000004E-002  -7.3976269554520974E-013


   7.9600000000000004E-002  -5.7861766940281441E-013


   8.0100000000000005E-002  -4.3209283373535356E-013


   8.0600000000000005E-002  -2.8050437146653895E-013


   8.1100000000000005E-002  -1.1948168669728698E-013


   8.1600000000000006E-002   4.8343912206760823E-014


   8.2100000000000006E-002   2.0055682115049933E-013


   8.2600000000000007E-002   3.5918239389698406E-013


   8.3100000000000007E-002   5.0945292255633044E-013


   8.3600000000000008E-002   6.6907846103803070E-013


   8.4100000000000008E-002   8.2938813456001623E-013


   8.4600000000000009E-002   9.5095675257950151E-013


   8.5100000000000009E-002   1.0864560709422655E-012


   8.5600000000000009E-002   1.2269602486791876E-012


   8.6100000000000010E-002   1.3870577108762716E-012


   8.6600000000000010E-002   1.5590152909958356E-012


   8.7100000000000011E-002   1.7471262717810853E-012


   8.7599999999999997E-002   1.9452344392385801E-012


   8.8099999999999998E-002   2.1487816557553068E-012


   8.8599999999999998E-002   2.3528378688712422E-012


   8.9099999999999999E-002   2.5469530651189842E-012


   8.9599999999999999E-002   2.7710709621028838E-012


   9.0100000000000000E-002   2.9778584893086489E-012


   9.0600000000000000E-002   3.1904455128142772E-012


   9.1100000000000000E-002   3.4213220546572278E-012


   9.1600000000000001E-002   3.6572857277372695E-012


   9.2100000000000001E-002   3.8991259249110404E-012


   9.2600000000000002E-002   4.1427292256368540E-012


   9.3100000000000002E-002   4.3965025318254416E-012


   9.3600000000000003E-002   4.6519205952610946E-012


   9.4100000000000003E-002   4.9106645347296584E-012


   9.4600000000000004E-002   5.1557556973724775E-012


   9.5100000000000004E-002   5.3783784439986886E-012


   9.5600000000000004E-002   5.6098873567334006E-012


   9.6100000000000005E-002   5.8323440695062793E-012


   9.6600000000000005E-002   6.0517567831985811E-012


   9.7100000000000006E-002   6.2549631290459432E-012


   9.7600000000000006E-002   6.4422222417759305E-012


   9.8100000000000007E-002   6.6120230731575579E-012


   9.8600000000000007E-002   6.7548894568114642E-012


   9.9100000000000008E-002   6.8926222021592490E-012


   9.9600000000000008E-002   7.0084033455125599E-012


  0.10010000000000001        7.1357898288187949E-012


  0.10060000000000001        7.2565439282468167E-012


  0.10110000000000001        7.3817985682400618E-012


  0.10160000000000001        7.4984487646867496E-012


  0.10210000000000001        7.6074658655889143E-012


  0.10260000000000001        7.6955400524214571E-012


  0.10310000000000001        7.7575384822489707E-012


  0.10360000000000001        7.8047709423795237E-012


  0.10410000000000000        7.8567770622761664E-012


  0.10460000000000000        7.8907509771034002E-012


  0.10510000000000000        7.8867333271753769E-012


  0.10560000000000000        7.8885508099715847E-012


  0.10610000000000000        7.8923428745732967E-012


  0.10660000000000000        7.8895655100143244E-012


  0.10710000000000000        7.8844322433727071E-012


  0.10760000000000000        7.8734762225599048E-012


  0.10810000000000000        7.8481637057203906E-012


  0.10860000000000000        7.8163015114138252E-012


  0.10910000000000000        7.7723159878570486E-012


  0.10960000000000000        7.7186163294218349E-012


  0.11010000000000000        7.6903225367658261E-012


  0.11060000000000000        7.6416845663784819E-012


  0.11110000000000000        7.5924810535865636E-012


  0.11160000000000000        7.5449876294625408E-012


  0.11210000000000001        7.4989620624243967E-012


  0.11260000000000001        7.4479628228707467E-012


  0.11310000000000001        7.3749029470132617E-012


  0.11360000000000001        7.3070087220489246E-012


  0.11410000000000001        7.2728673725791505E-012


  0.11460000000000001        7.2449949147651572E-012


  0.11510000000000001        7.2210310109871446E-012


  0.11560000000000001        7.1966087169389460E-012


  0.11610000000000001        7.1851400419709058E-012


  0.11660000000000001        7.1352843095812136E-012


  0.11710000000000001        7.0965925514504539E-012


  0.11760000000000001        7.0415912233057208E-012


  0.11810000000000001        6.9742436253211747E-012


  0.11860000000000001        6.8814861951121969E-012


  0.11910000000000001        6.7686997326510405E-012


  0.11960000000000001        6.6659181906930651E-012


  0.12010000000000001        6.5443380870694457E-012


  0.12060000000000000        6.4346139787979651E-012


  0.12110000000000000        6.3020870787536267E-012


  0.12160000000000000        6.1530221560218700E-012


  0.12210000000000000        6.0143770215861929E-012


  0.12260000000000000        5.8437593631298360E-012


  0.12310000000000000        5.6619851550310242E-012


  0.12360000000000000        5.4610593908316697E-012


  0.12410000000000000        5.2664059120577371E-012


  0.12460000000000000        5.0537967751645983E-012


  0.12510000000000002        4.8492485864477796E-012


  0.12560000000000002        4.6232361567560831E-012


  0.12610000000000002        4.3750849765961112E-012


  0.12660000000000002        4.1155058553773991E-012


  0.12710000000000002        3.8315167722596803E-012


  0.12760000000000002        3.5637001370714129E-012


  0.12810000000000002        3.2888075561510190E-012


  0.12860000000000002        3.0000077214098477E-012


  0.12909999999999999        2.7365187650618683E-012


  0.12959999999999999        2.4352527286386485E-012


  0.13009999999999999        2.1507762480721394E-012


  0.13059999999999999        1.8655082686946934E-012


  0.13109999999999999        1.5737296778228770E-012


  0.13159999999999999        1.2445809677991138E-012


  0.13210000000000000        9.3603423102772694E-013


  0.13260000000000000        6.0794012532450209E-013


  0.13310000000000000        2.8046687021443530E-013


  0.13360000000000000       -3.5274203696866734E-014


  0.13410000000000000       -3.5716932016149894E-013


  0.13460000000000000       -6.3370576321164494E-013


  0.13510000000000000       -9.0098826489859455E-013


  0.13560000000000000       -1.1614053069958220E-012


  0.13610000000000000       -1.4179996135621488E-012


  0.13660000000000000       -1.6722322936091327E-012


  0.13710000000000000       -1.9092304872486698E-012


  0.13760000000000000       -2.1423281291316209E-012


  0.13810000000000000       -2.3562044624420022E-012


  0.13860000000000000       -2.5483992876010331E-012


  0.13910000000000000       -2.7397167572801306E-012


  0.13960000000000000       -2.9457788430775623E-012


  0.14010000000000000       -3.1442368652288831E-012


  0.14060000000000000       -3.3318490609730856E-012


  0.14110000000000000       -3.5254081882495765E-012


  0.14160000000000000       -3.7277174361085957E-012


  0.14210000000000000       -3.9217351816087791E-012


  0.14260000000000000       -4.0882992590265957E-012


  0.14310000000000000       -4.2635760087381126E-012


  0.14360000000000001       -4.4513623724540264E-012


  0.14410000000000001       -4.6151478385464410E-012


  0.14460000000000001       -4.7927627708568840E-012


  0.14510000000000001       -4.9626379186595846E-012


  0.14560000000000001       -5.1353929997333127E-012


  0.14610000000000001       -5.3243794789770154E-012


  0.14660000000000001       -5.5351401188202809E-012


  0.14710000000000001       -5.7304591592755027E-012


  0.14760000000000001       -5.9528692704369226E-012


  0.14810000000000001       -6.1249249890676928E-012


  0.14860000000000001       -6.2858104884350176E-012


  0.14910000000000001       -6.4614135257545782E-012


  0.14960000000000001       -6.6258898246546186E-012


  0.15010000000000001       -6.8046041874075819E-012


  0.15060000000000001       -6.9681838233554006E-012


  0.15110000000000001       -7.1275441243523472E-012


  0.15160000000000001       -7.2909097890982991E-012


  0.15210000000000001       -7.4590529829110515E-012


  0.15260000000000001       -7.6106312658225088E-012


  0.15310000000000001       -7.7728756295997181E-012


  0.15360000000000001       -7.9145126424817755E-012


  0.15410000000000001       -8.0585570196023418E-012


  0.15460000000000002       -8.2325296892060702E-012


  0.15510000000000002       -8.3728763783375022E-012


  0.15560000000000002       -8.4989013535152757E-012


  0.15610000000000002       -8.6249285014342036E-012


  0.15660000000000002       -8.7140485218253906E-012


  0.15710000000000002       -8.8145503014669398E-012


  0.15760000000000002       -8.8759784582989603E-012


  0.15810000000000002       -8.9245962365050447E-012


  0.15860000000000002       -8.9307666177682741E-012


  0.15910000000000002       -8.9190946692314670E-012


  0.15960000000000002       -8.9172532307443122E-012


  0.16010000000000002       -8.9071105890264903E-012


  0.16060000000000002       -8.8952455926279159E-012


  0.16110000000000002       -8.8542658170653879E-012


  0.16160000000000002       -8.7901249785915517E-012


  0.16209999999999999       -8.6975812420286843E-012


  0.16259999999999999       -8.6146250462965096E-012


  0.16309999999999999       -8.4909034386848600E-012


  0.16360000000000000       -8.3353243387346282E-012


  0.16410000000000000       -8.2084980826402373E-012


  0.16460000000000000       -8.0552324047133979E-012


  0.16510000000000000       -7.9141397012205683E-012


  0.16560000000000000       -7.7522107587435501E-012


  0.16610000000000000       -7.5895905202877363E-012


  0.16660000000000000       -7.4412132896467536E-012


  0.16710000000000000       -7.2680570693817173E-012


  0.16760000000000000       -7.1089702909088451E-012


  0.16810000000000000       -6.9666762428366452E-012


  0.16860000000000000       -6.7943398268655033E-012


  0.16910000000000000       -6.6027803884149971E-012


  0.16960000000000000       -6.4375336172872723E-012


  0.17010000000000000       -6.2763164821594280E-012


  0.17060000000000000       -6.1138621249012815E-012


  0.17110000000000000       -5.9417657235355526E-012


  0.17160000000000000       -5.7205150980760287E-012


  0.17210000000000000       -5.5334577041959989E-012


  0.17260000000000000       -5.3312227531882028E-012


  0.17310000000000000       -5.1130047556968705E-012


  0.17360000000000000       -4.9245069827508203E-012


  0.17410000000000000       -4.7445570623347315E-012


  0.17460000000000001       -4.5796956383431510E-012


  0.17510000000000001       -4.4097332330822471E-012


  0.17560000000000001       -4.2400880692801402E-012


  0.17610000000000001       -4.0776436799599273E-012


  0.17660000000000001       -3.8959334327419783E-012


  0.17710000000000001       -3.6929232723019459E-012


  0.17760000000000001       -3.5086391634957249E-012


  0.17810000000000001       -3.3281943208340881E-012


  0.17860000000000001       -3.1240337703894448E-012


  0.17910000000000001       -2.9184921432681700E-012


  0.17960000000000001       -2.7103532413211284E-012


  0.18010000000000001       -2.5147008034936969E-012


  0.18060000000000001       -2.3059767394195687E-012


  0.18110000000000001       -2.0852725431813603E-012


  0.18160000000000001       -1.8480764644307481E-012


  0.18210000000000001       -1.6020001436523046E-012


  0.18260000000000001       -1.3360715537397149E-012


  0.18310000000000001       -1.0690519719469548E-012


  0.18360000000000001       -7.8793296887091918E-013


  0.18410000000000001       -5.0223461847687117E-013


  0.18460000000000001       -2.2761366576251607E-013


  0.18510000000000001        8.5601010654801079E-014


  0.18560000000000001        3.8974663080226790E-013


  0.18610000000000002        7.2104314879917198E-013


  0.18660000000000002        1.0673081134171536E-012


  0.18710000000000002        1.3923060638437734E-012


  0.18760000000000002        1.7193241812901716E-012


  0.18810000000000002        2.0298526904466429E-012


  0.18860000000000002        2.3151310209190700E-012


  0.18910000000000002        2.6023801100172329E-012


  0.18960000000000002        2.8853002001505424E-012


  0.19010000000000002        3.1778033936918916E-012


  0.19060000000000002        3.4437066479681146E-012


  0.19110000000000002        3.7168552142335941E-012


  0.19160000000000002        3.9826951155411125E-012


  0.19210000000000002        4.2902637093986120E-012


  0.19260000000000002        4.5379460328343057E-012


  0.19310000000000002        4.7866336306927328E-012


  0.19360000000000002        5.0471152587133753E-012


  0.19410000000000002        5.2641069060201111E-012


  0.19460000000000002        5.4737005455020135E-012


  0.19510000000000000        5.6679368462108500E-012


  0.19560000000000000        5.8708533039360247E-012


  0.19610000000000000        6.0583677935488468E-012


  0.19660000000000000        6.2287991587500762E-012


  0.19710000000000000        6.3871928995817843E-012


  0.19760000000000000        6.5459707637022249E-012


  0.19810000000000000        6.6768483884122042E-012


  0.19860000000000000        6.7724203762359324E-012


  0.19910000000000000        6.8791691544556334E-012


  0.19960000000000000        6.9911347717888096E-012


